hidden g = {[6679831729115696150 8653662730902241269 1535610680227111361 17342916647841752903 17135755455211762752 1297449291367578485] [13451288730302620273 10097742279870053774 15949884091978425806 5885175747529691540 1016841820992199104 845620083434234474]}
hidden h = {[13794385998538644597 108816626937764141 12130603454454490125 6127379912259600201 17481961476035825978 950355161936836191] [10722765800778186391 17107915684035394744 11626309118465119103 5217919199071354366 6102759180633827794 660535627654889709]}
hidden Equal? false
2422
2026-03-24 02:54:14 - dual_mode - INFO - [1] finished 1-th OptRanTriGen instance, time: 0.6711277961730957
2026-03-24 02:54:14 - dual_mode - INFO - [1] start 2-th OptRanTriGen instance
2026-03-24 02:54:14 - benchmark_logger - INFO - [BatchReconstruct] P1 Send: 0.0002658367156982422
2026-03-24 02:54:15 - benchmark_logger - INFO - [BatchReconstruct] P1 Reconstruct: 0.5280020236968994
2026-03-24 02:54:15 - benchmark_logger - INFO - [BatchReconstruct] P2 Send: 6.532669067382812e-05
2026-03-24 02:54:15 - benchmark_logger - INFO - [BatchReconstruct] P2 Reconstruct: 0.018480539321899414
2026-03-24 02:54:15 - dual_mode - INFO - [1] finished 2-th OptRanTriGen instance, time: 0.7177202701568604
2026-03-24 02:54:15 - dual_mode - INFO - [1] start 3-th OptRanTriGen instance
2026-03-24 02:54:15 - benchmark_logger - INFO - [BatchReconstruct] P1 Send: 0.00028705596923828125
2026-03-24 02:54:15 - benchmark_logger - INFO - [BatchReconstruct] P1 Reconstruct: 0.517918586730957
2026-03-24 02:54:15 - benchmark_logger - INFO - [BatchReconstruct] P2 Send: 4.506111145019531e-05
2026-03-24 02:54:15 - benchmark_logger - INFO - [BatchReconstruct] P2 Reconstruct: 0.0023729801177978516
2026-03-24 02:54:15 - dual_mode - INFO - [1] output 1-th triples
2026-03-24 02:54:15 - dual_mode - INFO - [1] finished 3-th OptRanTriGen instance, time: 0.7401885986328125
2026-03-24 02:54:15 - dual_mode - INFO - [1] start 4-th OptRanTriGen instance
2026-03-24 02:54:16 - benchmark_logger - INFO - [BatchReconstruct] P1 Send: 0.00025534629821777344
2026-03-24 02:54:16 - benchmark_logger - INFO - [BatchReconstruct] P1 Reconstruct: 0.513139009475708
2026-03-24 02:54:16 - benchmark_logger - INFO - [BatchReconstruct] P2 Send: 4.839897155761719e-05
2026-03-24 02:54:16 - benchmark_logger - INFO - [BatchReconstruct] P2 Reconstruct: 0.0024521350860595703
2026-03-24 02:54:16 - dual_mode - INFO - [1] output 2-th triples
2026-03-24 02:54:16 - dual_mode - INFO - [1] finished 4-th OptRanTriGen instance, time: 0.6774554252624512
2026-03-24 02:54:16 - dual_mode - INFO - [1] start 5-th OptRanTriGen instance
2026-03-24 02:54:16 - benchmark_logger - INFO - [BatchReconstruct] P1 Send: 0.00032711029052734375
2026-03-24 02:54:17 - benchmark_logger - INFO - [BatchReconstruct] P1 Reconstruct: 0.5106561183929443
2026-03-24 02:54:17 - benchmark_logger - INFO - [BatchReconstruct] P2 Send: 4.553794860839844e-05
2026-03-24 02:54:17 - benchmark_logger - INFO - [BatchReconstruct] P2 Reconstruct: 0.002584695816040039
2026-03-24 02:54:17 - dual_mode - INFO - [1] output 3-th triples
2026-03-24 02:54:17 - dual_mode - INFO - [1] finished 5-th OptRanTriGen instance, time: 0.6901514530181885
2026-03-24 02:54:17 - dual_mode - INFO - [1] start 6-th OptRanTriGen instance
2026-03-24 02:54:17 - benchmark_logger - INFO - [BatchReconstruct] P1 Send: 0.00024771690368652344
2026-03-24 02:54:17 - benchmark_logger - INFO - [BatchReconstruct] P1 Reconstruct: 0.5113081932067871
2026-03-24 02:54:17 - benchmark_logger - INFO - [BatchReconstruct] P2 Send: 4.57763671875e-05
2026-03-24 02:54:17 - benchmark_logger - INFO - [BatchReconstruct] P2 Reconstruct: 0.0024068355560302734
2026-03-24 02:54:17 - dual_mode - INFO - [1] output 4-th triples
2026-03-24 02:54:17 - dual_mode - INFO - [1] finished 6-th OptRanTriGen instance, time: 0.6593549251556396
2026-03-24 02:54:17 - dual_mode - INFO - [1] start 7-th OptRanTriGen instance
2026-03-24 02:54:18 - benchmark_logger - INFO - [BatchReconstruct] P1 Send: 0.00026416778564453125
2026-03-24 02:54:18 - benchmark_logger - INFO - [BatchReconstruct] P1 Reconstruct: 0.5077600479125977
2026-03-24 02:54:18 - benchmark_logger - INFO - [BatchReconstruct] P2 Send: 9.012222290039062e-05
2026-03-24 02:54:18 - benchmark_logger - INFO - [BatchReconstruct] P2 Reconstruct: 0.002002716064453125
2026-03-24 02:54:18 - dual_mode - INFO - [1] output 5-th triples
2026-03-24 02:54:18 - dual_mode - INFO - [1] finished 7-th OptRanTriGen instance, time: 0.6941912174224854
2026-03-24 02:54:18 - dual_mode - INFO - [1] start 8-th OptRanTriGen instance
2026-03-24 02:54:18 - benchmark_logger - INFO - [BatchReconstruct] P1 Send: 0.00024437904357910156
2026-03-24 02:54:19 - benchmark_logger - INFO - [BatchReconstruct] P1 Reconstruct: 0.5100023746490479
2026-03-24 02:54:19 - benchmark_logger - INFO - [BatchReconstruct] P2 Send: 8.273124694824219e-05
2026-03-24 02:54:19 - benchmark_logger - INFO - [BatchReconstruct] P2 Reconstruct: 0.002688169479370117
2026-03-24 02:54:19 - dual_mode - INFO - [1] output 6-th triples
2026-03-24 02:54:19 - dual_mode - INFO - [1] finished 8-th OptRanTriGen instance, time: 0.6457781791687012
2026-03-24 02:54:19 - dual_mode - INFO - [1] start 9-th OptRanTriGen instance
2026-03-24 02:54:19 - benchmark_logger - INFO - [BatchReconstruct] P1 Send: 0.0002465248107910156
2026-03-24 02:54:19 - benchmark_logger - INFO - [BatchReconstruct] P1 Reconstruct: 0.5092480182647705
2026-03-24 02:54:19 - benchmark_logger - INFO - [BatchReconstruct] P2 Send: 4.649162292480469e-05
2026-03-24 02:54:19 - benchmark_logger - INFO - [BatchReconstruct] P2 Reconstruct: 0.0027709007263183594
2026-03-24 02:54:19 - dual_mode - INFO - [1] output 7-th triples
2026-03-24 02:54:19 - dual_mode - INFO - [1] finished 9-th OptRanTriGen instance, time: 0.6602001190185547
2026-03-24 02:54:19 - dual_mode - INFO - [1] start 10-th OptRanTriGen instance
2026-03-24 02:54:20 - benchmark_logger - INFO - [BatchReconstruct] P1 Send: 0.00037026405334472656
2026-03-24 02:54:20 - dual_mode - INFO - [1] Starting tcv-BA
2026-03-24 02:54:20 - dual_mode - INFO - [1] proposal: 9
2026-03-24 02:54:20 - dual_mode - INFO - [1] tcv-BA finished! agreed round: 9, time:0.09138774871826172 (seconds)
2026-03-24 02:54:20 - benchmark_logger - INFO - [BatchReconstruct] P1 Reconstruct: 0.505366325378418
2026-03-24 02:54:20 - benchmark_logger - INFO - [BatchReconstruct] P2 Send: 5.5789947509765625e-05
2026-03-24 02:54:20 - benchmark_logger - INFO - [BatchReconstruct] P2 Reconstruct: 0.0026161670684814453
2026-03-24 02:54:20 - dual_mode - INFO - [1] output 8-th triples
2026-03-24 02:54:20 - dual_mode - INFO - [1] Total bytes sent out aa: 3271585
2026-03-24 02:54:20 - dual_mode - INFO - [1] OptRanTriGen finished! triples: 2700, time: 6.833192348480225 (seconds)
2026-03-24 02:54:21,114:[beaver.py:195]:[INFO]: [1] Starting AsyRanTriGen
2026-03-24 02:54:21,115:[beaver.py:201]:[INFO]: [1] Starting ACSS to share 300 secrets
2026-03-24 02:54:21,115:[hbacss.py:1885]:[INFO]: before reliablebroadcast
2026-03-24 02:54:22,074:[hbacss.py:396]:[INFO]: after pyCommit commitmentlistandprooflist
2026-03-24 02:54:22,099:[hbacss.py:1464]:[INFO]: before return dumps
2026-03-24 02:54:22,100:[hbacss.py:1885]:[INFO]: before reliablebroadcast
2026-03-24 02:54:22,100:[hbacss.py:1885]:[INFO]: before reliablebroadcast
2026-03-24 02:54:22,100:[hbacss.py:1885]:[INFO]: before reliablebroadcast
2026-03-24 02:54:22,164:[hbacss.py:1897]:[INFO]: after reliablebroadcast
2026-03-24 02:54:22,164:[hbacss.py:263]:[INFO]: enter _process_avss_msg
2026-03-24 02:54:22,164:[avid.py:72]:[INFO]: AVID retrieve called with sid: 3-0-B-AVSS, index: 1
2026-03-24 02:54:22,164:[hbacss.py:1897]:[INFO]: after reliablebroadcast
2026-03-24 02:54:22,164:[hbacss.py:263]:[INFO]: enter _process_avss_msg
2026-03-24 02:54:22,164:[avid.py:72]:[INFO]: AVID retrieve called with sid: 1-0-B-AVSS, index: 1
2026-03-24 02:54:22,164:[hbacss.py:1897]:[INFO]: after reliablebroadcast
2026-03-24 02:54:22,165:[hbacss.py:263]:[INFO]: enter _process_avss_msg
2026-03-24 02:54:22,165:[avid.py:72]:[INFO]: AVID retrieve called with sid: 2-0-B-AVSS, index: 1
2026-03-24 02:54:22,168:[hbacss.py:1897]:[INFO]: after reliablebroadcast
2026-03-24 02:54:22,168:[hbacss.py:263]:[INFO]: enter _process_avss_msg
2026-03-24 02:54:22,168:[avid.py:72]:[INFO]: AVID retrieve called with sid: 0-0-B-AVSS, index: 1
2026-03-24 02:54:22,170:[avid.py:77]:[INFO]: 1-0-B-AVSS 1 RETRIEVE called.
2026-03-24 02:54:22,170:[avid.py:77]:[INFO]: 2-0-B-AVSS 1 RETRIEVE called.
2026-03-24 02:54:22,170:[avid.py:77]:[INFO]: 3-0-B-AVSS 1 RETRIEVE called.
2026-03-24 02:54:22,191:[hbacss.py:286]:[INFO]: after self._handle_dealer_msgs
2026-03-24 02:54:22,209:[hbacss.py:286]:[INFO]: after self._handle_dealer_msgs
2026-03-24 02:54:22,227:[hbacss.py:286]:[INFO]: after self._handle_dealer_msgs
2026-03-24 02:54:22,228:[avid.py:77]:[INFO]: 0-0-B-AVSS 1 RETRIEVE called.
2026-03-24 02:54:22,253:[hbacss.py:286]:[INFO]: after self._handle_dealer_msgs
2026-03-24 02:54:22,253:[beaver.py:211]:[INFO]: [1] [random share generation] Starting ACS where node 1 is set as leader 
2026-03-24 02:54:22,253:[beaver.py:212]:[INFO]: [1] [random share generation] The proposal is [3, 2, 1]
2026-03-24 02:54:22,253:[otmvba.py:89]:[INFO]: enter handle_message
2026-03-24 02:54:22,253:[otmvba.py:98]:[INFO]: [1] I am the leader, broadcasting my input
2026-03-24 02:54:22,253:[otmvba.py:93]:[INFO]: [1] Broadcasting to 0
2026-03-24 02:54:22,253:[otmvba.py:93]:[INFO]: [1] Broadcasting to 1
2026-03-24 02:54:22,253:[otmvba.py:93]:[INFO]: [1] Broadcasting to 2
2026-03-24 02:54:22,253:[otmvba.py:93]:[INFO]: [1] Broadcasting to 3
2026-03-24 02:54:22,253:[otmvba.py:192]:[INFO]: [1] value-self.acss_outputs.keys():dict_keys([3, 2, 1])
2026-03-24 02:54:22,254:[otmvba.py:202]:[INFO]: [1] --Directly send the proposal!--
2026-03-24 02:54:22,276:[otmvba.py:93]:[INFO]: [1] Broadcasting to 0
2026-03-24 02:54:22,276:[otmvba.py:93]:[INFO]: [1] Broadcasting to 1
2026-03-24 02:54:22,276:[otmvba.py:93]:[INFO]: [1] Broadcasting to 2
2026-03-24 02:54:22,276:[otmvba.py:93]:[INFO]: [1] Broadcasting to 3
2026-03-24 02:54:22,309:[otmvba.py:93]:[INFO]: [1] Broadcasting to 0
2026-03-24 02:54:22,309:[otmvba.py:93]:[INFO]: [1] Broadcasting to 1
2026-03-24 02:54:22,309:[otmvba.py:93]:[INFO]: [1] Broadcasting to 2
2026-03-24 02:54:22,309:[otmvba.py:93]:[INFO]: [1] Broadcasting to 3
2026-03-24 02:54:22,317:[otmvba.py:93]:[INFO]: [1] Broadcasting to 0
2026-03-24 02:54:22,317:[otmvba.py:93]:[INFO]: [1] Broadcasting to 1
2026-03-24 02:54:22,317:[otmvba.py:93]:[INFO]: [1] Broadcasting to 2
2026-03-24 02:54:22,317:[otmvba.py:93]:[INFO]: [1] Broadcasting to 3
2026-03-24 02:54:22,331:[otmvba.py:93]:[INFO]: [1] Broadcasting to 0
2026-03-24 02:54:22,331:[otmvba.py:93]:[INFO]: [1] Broadcasting to 1
2026-03-24 02:54:22,331:[otmvba.py:93]:[INFO]: [1] Broadcasting to 2
2026-03-24 02:54:22,331:[otmvba.py:93]:[INFO]: [1] Broadcasting to 3
2026-03-24 02:54:22,331:[beaver.py:228]:[INFO]: [1] [random share generation] The ACS set is [1, 2, 3]
2026-03-24 02:54:22,331:[beaver.py:230]:[INFO]: [1] [random share generation] Starting compute random shares
2026-03-24 02:54:22,551:[beaver.py:233]:[INFO]: [1] [random share generation] Obtaining total 600 random shares!
2026-03-24 02:54:22,551:[beaver.py:236]:[INFO]: [1] Starting to generate triples over random shares
2026-03-24 02:54:22,551:[beaver.py:237]:[INFO]: [1] [beaver triple generation] Starting to re-share product of random shares
2026-03-24 02:54:22,553:[hbacss.py:1885]:[INFO]: before reliablebroadcast
2026-03-24 02:54:24,543:[hbacss.py:415]:[INFO]: prodProofs size: 354666 bytes
2026-03-24 02:54:24,543:[hbacss.py:416]:[INFO]: prodProofs count: 300
2026-03-24 02:54:24,583:[hbacss.py:1464]:[INFO]: before return dumps
2026-03-24 02:54:24,583:[hbacss.py:1885]:[INFO]: before reliablebroadcast
2026-03-24 02:54:24,584:[hbacss.py:1885]:[INFO]: before reliablebroadcast
2026-03-24 02:54:24,584:[hbacss.py:1885]:[INFO]: before reliablebroadcast
2026-03-24 02:54:24,617:[hbacss.py:1897]:[INFO]: after reliablebroadcast
2026-03-24 02:54:24,617:[hbacss.py:263]:[INFO]: enter _process_avss_msg
2026-03-24 02:54:24,617:[avid.py:72]:[INFO]: AVID retrieve called with sid: 3-0-B-AVSS, index: 1
2026-03-24 02:54:24,617:[hbacss.py:1897]:[INFO]: after reliablebroadcast
2026-03-24 02:54:24,617:[hbacss.py:263]:[INFO]: enter _process_avss_msg
2026-03-24 02:54:24,617:[avid.py:72]:[INFO]: AVID retrieve called with sid: 2-0-B-AVSS, index: 1
2026-03-24 02:54:24,618:[hbacss.py:1897]:[INFO]: after reliablebroadcast
2026-03-24 02:54:24,618:[hbacss.py:263]:[INFO]: enter _process_avss_msg
2026-03-24 02:54:24,618:[avid.py:72]:[INFO]: AVID retrieve called with sid: 1-0-B-AVSS, index: 1
2026-03-24 02:54:24,644:[avid.py:77]:[INFO]: 3-0-B-AVSS 1 RETRIEVE called.
2026-03-24 02:54:24,645:[hbacss.py:1897]:[INFO]: after reliablebroadcast
2026-03-24 02:54:24,645:[hbacss.py:263]:[INFO]: enter _process_avss_msg
2026-03-24 02:54:24,646:[avid.py:72]:[INFO]: AVID retrieve called with sid: 0-0-B-AVSS, index: 1
2026-03-24 02:54:24,646:[avid.py:77]:[INFO]: 1-0-B-AVSS 1 RETRIEVE called.
2026-03-24 02:54:24,646:[avid.py:77]:[INFO]: 2-0-B-AVSS 1 RETRIEVE called.
2026-03-24 02:54:24,722:[hbacss.py:286]:[INFO]: after self._handle_dealer_msgs
2026-03-24 02:54:24,898:[hbacss.py:286]:[INFO]: after self._handle_dealer_msgs
2026-03-24 02:54:25,005:[hbacss.py:286]:[INFO]: after self._handle_dealer_msgs
2026-03-24 02:54:25,006:[beaver.py:249]:[INFO]: [1] [beaver triple generation] Starting to ACS where 2 is set as leader 
2026-03-24 02:54:25,006:[beaver.py:251]:[INFO]: [1] [beaver triple generation] The proposal of node 1 is [3, 1, 2]
2026-03-24 02:54:25,006:[otmvba.py:89]:[INFO]: enter handle_message
2026-03-24 02:54:25,006:[avid.py:77]:[INFO]: 0-0-B-AVSS 1 RETRIEVE called.
2026-03-24 02:54:25,149:[hbacss.py:286]:[INFO]: after self._handle_dealer_msgs
2026-03-24 02:54:25,154:[otmvba.py:192]:[INFO]: [1] value-self.acss_outputs.keys():dict_keys([3, 1, 2, 0])
2026-03-24 02:54:25,155:[otmvba.py:202]:[INFO]: [1] --Directly send the proposal!--
2026-03-24 02:54:25,289:[otmvba.py:93]:[INFO]: [1] Broadcasting to 0
2026-03-24 02:54:25,289:[otmvba.py:93]:[INFO]: [1] Broadcasting to 1
2026-03-24 02:54:25,289:[otmvba.py:93]:[INFO]: [1] Broadcasting to 2
2026-03-24 02:54:25,289:[otmvba.py:93]:[INFO]: [1] Broadcasting to 3
2026-03-24 02:54:25,294:[otmvba.py:93]:[INFO]: [1] Broadcasting to 0
2026-03-24 02:54:25,295:[otmvba.py:93]:[INFO]: [1] Broadcasting to 1
2026-03-24 02:54:25,295:[otmvba.py:93]:[INFO]: [1] Broadcasting to 2
2026-03-24 02:54:25,295:[otmvba.py:93]:[INFO]: [1] Broadcasting to 3
2026-03-24 02:54:25,295:[beaver.py:267]:[INFO]: [1] [beaver triple generation] The ACS set is [1, 2, 3]
2026-03-24 02:54:25,325:[beaver.py:289]:[INFO]: [1] [beaver triple generation] AsyRanTriGen finished! total triple number in AsyRanTriGen phase: 300, time: 4.206761837005615 (seconds)
2026-03-24 02:54:25,325:[beaver.py:294]:[INFO]: [1] Bytes Sent: R_A:2203647 which is 19.389%
2026-03-24 02:54:25,325:[beaver.py:294]:[INFO]: [1] Bytes Sent: ACS:1637 which is 0.014%
2026-03-24 02:54:25,325:[beaver.py:294]:[INFO]: [1] Bytes Sent: B_A:9160256 which is 80.597%
2026-03-24 02:54:25,325:[beaver.py:295]:[INFO]: [1] Total bytes sent out aa: 11365540
