hidden g = {[6679831729115696150 8653662730902241269 1535610680227111361 17342916647841752903 17135755455211762752 1297449291367578485] [13451288730302620273 10097742279870053774 15949884091978425806 5885175747529691540 1016841820992199104 845620083434234474]}
hidden h = {[13794385998538644597 108816626937764141 12130603454454490125 6127379912259600201 17481961476035825978 950355161936836191] [10722765800778186391 17107915684035394744 11626309118465119103 5217919199071354366 6102759180633827794 660535627654889709]}
hidden Equal? false
688
2026-03-24 02:54:14 - dual_mode - INFO - [3] finished 1-th OptRanTriGen instance, time: 0.6714479923248291
2026-03-24 02:54:14 - dual_mode - INFO - [3] start 2-th OptRanTriGen instance
2026-03-24 02:54:14 - benchmark_logger - INFO - [BatchReconstruct] P1 Send: 0.00026488304138183594
2026-03-24 02:54:15 - benchmark_logger - INFO - [BatchReconstruct] P1 Reconstruct: 0.5315020084381104
2026-03-24 02:54:15 - benchmark_logger - INFO - [BatchReconstruct] P2 Send: 1.9073486328125e-05
2026-03-24 02:54:15 - benchmark_logger - INFO - [BatchReconstruct] P2 Reconstruct: 0.018845558166503906
2026-03-24 02:54:15 - dual_mode - INFO - [3] finished 2-th OptRanTriGen instance, time: 0.719576358795166
2026-03-24 02:54:15 - dual_mode - INFO - [3] start 3-th OptRanTriGen instance
2026-03-24 02:54:15 - benchmark_logger - INFO - [BatchReconstruct] P1 Send: 0.0002932548522949219
2026-03-24 02:54:15 - benchmark_logger - INFO - [BatchReconstruct] P1 Reconstruct: 0.5084676742553711
2026-03-24 02:54:15 - benchmark_logger - INFO - [BatchReconstruct] P2 Send: 4.8160552978515625e-05
2026-03-24 02:54:15 - benchmark_logger - INFO - [BatchReconstruct] P2 Reconstruct: 0.004584074020385742
2026-03-24 02:54:15 - dual_mode - INFO - [3] output 1-th triples
2026-03-24 02:54:15 - dual_mode - INFO - [3] finished 3-th OptRanTriGen instance, time: 0.740896463394165
2026-03-24 02:54:15 - dual_mode - INFO - [3] start 4-th OptRanTriGen instance
2026-03-24 02:54:16 - benchmark_logger - INFO - [BatchReconstruct] P1 Send: 0.0002448558807373047
2026-03-24 02:54:16 - benchmark_logger - INFO - [BatchReconstruct] P1 Reconstruct: 0.5061435699462891
2026-03-24 02:54:16 - benchmark_logger - INFO - [BatchReconstruct] P2 Send: 4.410743713378906e-05
2026-03-24 02:54:16 - benchmark_logger - INFO - [BatchReconstruct] P2 Reconstruct: 0.002703428268432617
2026-03-24 02:54:16 - dual_mode - INFO - [3] output 2-th triples
2026-03-24 02:54:16 - dual_mode - INFO - [3] finished 4-th OptRanTriGen instance, time: 0.673980712890625
2026-03-24 02:54:16 - dual_mode - INFO - [3] start 5-th OptRanTriGen instance
2026-03-24 02:54:16 - benchmark_logger - INFO - [BatchReconstruct] P1 Send: 0.0004467964172363281
2026-03-24 02:54:17 - benchmark_logger - INFO - [BatchReconstruct] P1 Reconstruct: 0.48416852951049805
2026-03-24 02:54:17 - benchmark_logger - INFO - [BatchReconstruct] P2 Send: 4.1961669921875e-05
2026-03-24 02:54:17 - benchmark_logger - INFO - [BatchReconstruct] P2 Reconstruct: 0.0027387142181396484
2026-03-24 02:54:17 - dual_mode - INFO - [3] output 3-th triples
2026-03-24 02:54:17 - dual_mode - INFO - [3] finished 5-th OptRanTriGen instance, time: 0.6904194355010986
2026-03-24 02:54:17 - dual_mode - INFO - [3] start 6-th OptRanTriGen instance
2026-03-24 02:54:17 - benchmark_logger - INFO - [BatchReconstruct] P1 Send: 0.00024580955505371094
2026-03-24 02:54:17 - benchmark_logger - INFO - [BatchReconstruct] P1 Reconstruct: 0.5035874843597412
2026-03-24 02:54:17 - benchmark_logger - INFO - [BatchReconstruct] P2 Send: 4.220008850097656e-05
2026-03-24 02:54:17 - benchmark_logger - INFO - [BatchReconstruct] P2 Reconstruct: 0.002558469772338867
2026-03-24 02:54:17 - dual_mode - INFO - [3] output 4-th triples
2026-03-24 02:54:17 - dual_mode - INFO - [3] finished 6-th OptRanTriGen instance, time: 0.6591615676879883
2026-03-24 02:54:17 - dual_mode - INFO - [3] start 7-th OptRanTriGen instance
2026-03-24 02:54:18 - benchmark_logger - INFO - [BatchReconstruct] P1 Send: 0.0002510547637939453
2026-03-24 02:54:18 - benchmark_logger - INFO - [BatchReconstruct] P1 Reconstruct: 0.4999206066131592
2026-03-24 02:54:18 - benchmark_logger - INFO - [BatchReconstruct] P2 Send: 2.3126602172851562e-05
2026-03-24 02:54:18 - benchmark_logger - INFO - [BatchReconstruct] P2 Reconstruct: 0.001622915267944336
2026-03-24 02:54:18 - dual_mode - INFO - [3] output 5-th triples
2026-03-24 02:54:18 - dual_mode - INFO - [3] finished 7-th OptRanTriGen instance, time: 0.6935303211212158
2026-03-24 02:54:18 - dual_mode - INFO - [3] start 8-th OptRanTriGen instance
2026-03-24 02:54:18 - benchmark_logger - INFO - [BatchReconstruct] P1 Send: 0.0003292560577392578
2026-03-24 02:54:19 - benchmark_logger - INFO - [BatchReconstruct] P1 Reconstruct: 0.502953052520752
2026-03-24 02:54:19 - benchmark_logger - INFO - [BatchReconstruct] P2 Send: 8.106231689453125e-05
2026-03-24 02:54:19 - benchmark_logger - INFO - [BatchReconstruct] P2 Reconstruct: 0.0032346248626708984
2026-03-24 02:54:19 - dual_mode - INFO - [3] output 6-th triples
2026-03-24 02:54:19 - dual_mode - INFO - [3] finished 8-th OptRanTriGen instance, time: 0.6566338539123535
2026-03-24 02:54:19 - dual_mode - INFO - [3] start 9-th OptRanTriGen instance
2026-03-24 02:54:19 - benchmark_logger - INFO - [BatchReconstruct] P1 Send: 0.00024366378784179688
2026-03-24 02:54:19 - benchmark_logger - INFO - [BatchReconstruct] P1 Reconstruct: 0.5023739337921143
2026-03-24 02:54:19 - benchmark_logger - INFO - [BatchReconstruct] P2 Send: 4.315376281738281e-05
2026-03-24 02:54:19 - benchmark_logger - INFO - [BatchReconstruct] P2 Reconstruct: 0.0026319026947021484
2026-03-24 02:54:19 - dual_mode - INFO - [3] output 7-th triples
2026-03-24 02:54:19 - dual_mode - INFO - [3] finished 9-th OptRanTriGen instance, time: 0.6502542495727539
2026-03-24 02:54:19 - dual_mode - INFO - [3] start 10-th OptRanTriGen instance
2026-03-24 02:54:20 - benchmark_logger - INFO - [BatchReconstruct] P1 Send: 0.0002720355987548828
2026-03-24 02:54:20 - dual_mode - INFO - [3] Starting tcv-BA
2026-03-24 02:54:20 - dual_mode - INFO - [3] proposal: 9
2026-03-24 02:54:20 - dual_mode - INFO - [3] tcv-BA finished! agreed round: 9, time:0.09225583076477051 (seconds)
2026-03-24 02:54:20 - benchmark_logger - INFO - [BatchReconstruct] P1 Reconstruct: 0.49704551696777344
2026-03-24 02:54:20 - benchmark_logger - INFO - [BatchReconstruct] P2 Send: 5.14984130859375e-05
2026-03-24 02:54:20 - benchmark_logger - INFO - [BatchReconstruct] P2 Reconstruct: 0.002369403839111328
2026-03-24 02:54:20 - dual_mode - INFO - [3] output 8-th triples
2026-03-24 02:54:20 - dual_mode - INFO - [3] Total bytes sent out aa: 2659202
2026-03-24 02:54:20 - dual_mode - INFO - [3] OptRanTriGen finished! triples: 2700, time: 6.831979274749756 (seconds)
2026-03-24 02:54:21,113:[beaver.py:195]:[INFO]: [3] Starting AsyRanTriGen
2026-03-24 02:54:21,114:[beaver.py:201]:[INFO]: [3] Starting ACSS to share 300 secrets
2026-03-24 02:54:21,114:[hbacss.py:1885]:[INFO]: before reliablebroadcast
2026-03-24 02:54:21,114:[hbacss.py:1885]:[INFO]: before reliablebroadcast
2026-03-24 02:54:21,114:[hbacss.py:1885]:[INFO]: before reliablebroadcast
2026-03-24 02:54:22,140:[hbacss.py:396]:[INFO]: after pyCommit commitmentlistandprooflist
2026-03-24 02:54:22,161:[hbacss.py:1464]:[INFO]: before return dumps
2026-03-24 02:54:22,162:[hbacss.py:1885]:[INFO]: before reliablebroadcast
2026-03-24 02:54:22,164:[hbacss.py:1897]:[INFO]: after reliablebroadcast
2026-03-24 02:54:22,164:[hbacss.py:263]:[INFO]: enter _process_avss_msg
2026-03-24 02:54:22,164:[avid.py:72]:[INFO]: AVID retrieve called with sid: 3-0-B-AVSS, index: 3
2026-03-24 02:54:22,165:[hbacss.py:1897]:[INFO]: after reliablebroadcast
2026-03-24 02:54:22,165:[hbacss.py:263]:[INFO]: enter _process_avss_msg
2026-03-24 02:54:22,165:[avid.py:72]:[INFO]: AVID retrieve called with sid: 1-0-B-AVSS, index: 3
2026-03-24 02:54:22,165:[hbacss.py:1897]:[INFO]: after reliablebroadcast
2026-03-24 02:54:22,165:[hbacss.py:263]:[INFO]: enter _process_avss_msg
2026-03-24 02:54:22,165:[avid.py:72]:[INFO]: AVID retrieve called with sid: 2-0-B-AVSS, index: 3
2026-03-24 02:54:22,168:[hbacss.py:1897]:[INFO]: after reliablebroadcast
2026-03-24 02:54:22,168:[hbacss.py:263]:[INFO]: enter _process_avss_msg
2026-03-24 02:54:22,168:[avid.py:72]:[INFO]: AVID retrieve called with sid: 0-0-B-AVSS, index: 3
2026-03-24 02:54:22,169:[avid.py:77]:[INFO]: 1-0-B-AVSS 3 RETRIEVE called.
2026-03-24 02:54:22,170:[avid.py:77]:[INFO]: 2-0-B-AVSS 3 RETRIEVE called.
2026-03-24 02:54:22,170:[avid.py:77]:[INFO]: 3-0-B-AVSS 3 RETRIEVE called.
2026-03-24 02:54:22,187:[hbacss.py:286]:[INFO]: after self._handle_dealer_msgs
2026-03-24 02:54:22,204:[hbacss.py:286]:[INFO]: after self._handle_dealer_msgs
2026-03-24 02:54:22,204:[avid.py:77]:[INFO]: 0-0-B-AVSS 3 RETRIEVE called.
2026-03-24 02:54:22,220:[hbacss.py:286]:[INFO]: after self._handle_dealer_msgs
2026-03-24 02:54:22,241:[hbacss.py:286]:[INFO]: after self._handle_dealer_msgs
2026-03-24 02:54:22,242:[beaver.py:211]:[INFO]: [3] [random share generation] Starting ACS where node 1 is set as leader 
2026-03-24 02:54:22,242:[beaver.py:212]:[INFO]: [3] [random share generation] The proposal is [1, 2, 3]
2026-03-24 02:54:22,242:[otmvba.py:89]:[INFO]: enter handle_message
2026-03-24 02:54:22,254:[otmvba.py:192]:[INFO]: [3] value-self.acss_outputs.keys():dict_keys([1, 2, 3, 0])
2026-03-24 02:54:22,255:[otmvba.py:202]:[INFO]: [3] --Directly send the proposal!--
2026-03-24 02:54:22,315:[otmvba.py:93]:[INFO]: [3] Broadcasting to 0
2026-03-24 02:54:22,316:[otmvba.py:93]:[INFO]: [3] Broadcasting to 1
2026-03-24 02:54:22,316:[otmvba.py:93]:[INFO]: [3] Broadcasting to 2
2026-03-24 02:54:22,316:[otmvba.py:93]:[INFO]: [3] Broadcasting to 3
2026-03-24 02:54:22,321:[otmvba.py:93]:[INFO]: [3] Broadcasting to 0
2026-03-24 02:54:22,321:[otmvba.py:93]:[INFO]: [3] Broadcasting to 1
2026-03-24 02:54:22,321:[otmvba.py:93]:[INFO]: [3] Broadcasting to 2
2026-03-24 02:54:22,321:[otmvba.py:93]:[INFO]: [3] Broadcasting to 3
2026-03-24 02:54:22,321:[beaver.py:228]:[INFO]: [3] [random share generation] The ACS set is [1, 2, 3]
2026-03-24 02:54:22,321:[beaver.py:230]:[INFO]: [3] [random share generation] Starting compute random shares
2026-03-24 02:54:22,580:[beaver.py:233]:[INFO]: [3] [random share generation] Obtaining total 600 random shares!
2026-03-24 02:54:22,580:[beaver.py:236]:[INFO]: [3] Starting to generate triples over random shares
2026-03-24 02:54:22,580:[beaver.py:237]:[INFO]: [3] [beaver triple generation] Starting to re-share product of random shares
2026-03-24 02:54:22,582:[hbacss.py:1885]:[INFO]: before reliablebroadcast
2026-03-24 02:54:22,582:[hbacss.py:1885]:[INFO]: before reliablebroadcast
2026-03-24 02:54:22,582:[hbacss.py:1885]:[INFO]: before reliablebroadcast
2026-03-24 02:54:24,573:[hbacss.py:415]:[INFO]: prodProofs size: 354689 bytes
2026-03-24 02:54:24,574:[hbacss.py:416]:[INFO]: prodProofs count: 300
2026-03-24 02:54:24,614:[hbacss.py:1464]:[INFO]: before return dumps
2026-03-24 02:54:24,615:[hbacss.py:1885]:[INFO]: before reliablebroadcast
2026-03-24 02:54:24,617:[hbacss.py:1897]:[INFO]: after reliablebroadcast
2026-03-24 02:54:24,617:[hbacss.py:263]:[INFO]: enter _process_avss_msg
2026-03-24 02:54:24,617:[avid.py:72]:[INFO]: AVID retrieve called with sid: 3-0-B-AVSS, index: 3
2026-03-24 02:54:24,617:[hbacss.py:1897]:[INFO]: after reliablebroadcast
2026-03-24 02:54:24,617:[hbacss.py:263]:[INFO]: enter _process_avss_msg
2026-03-24 02:54:24,617:[avid.py:72]:[INFO]: AVID retrieve called with sid: 2-0-B-AVSS, index: 3
2026-03-24 02:54:24,618:[hbacss.py:1897]:[INFO]: after reliablebroadcast
2026-03-24 02:54:24,618:[hbacss.py:263]:[INFO]: enter _process_avss_msg
2026-03-24 02:54:24,618:[avid.py:72]:[INFO]: AVID retrieve called with sid: 1-0-B-AVSS, index: 3
2026-03-24 02:54:24,644:[avid.py:77]:[INFO]: 3-0-B-AVSS 3 RETRIEVE called.
2026-03-24 02:54:24,646:[hbacss.py:1897]:[INFO]: after reliablebroadcast
2026-03-24 02:54:24,646:[hbacss.py:263]:[INFO]: enter _process_avss_msg
2026-03-24 02:54:24,646:[avid.py:72]:[INFO]: AVID retrieve called with sid: 0-0-B-AVSS, index: 3
2026-03-24 02:54:24,741:[hbacss.py:286]:[INFO]: after self._handle_dealer_msgs
2026-03-24 02:54:24,741:[avid.py:77]:[INFO]: 1-0-B-AVSS 3 RETRIEVE called.
2026-03-24 02:54:24,743:[avid.py:77]:[INFO]: 2-0-B-AVSS 3 RETRIEVE called.
2026-03-24 02:54:24,934:[hbacss.py:286]:[INFO]: after self._handle_dealer_msgs
2026-03-24 02:54:25,038:[hbacss.py:286]:[INFO]: after self._handle_dealer_msgs
2026-03-24 02:54:25,038:[beaver.py:249]:[INFO]: [3] [beaver triple generation] Starting to ACS where 2 is set as leader 
2026-03-24 02:54:25,038:[beaver.py:251]:[INFO]: [3] [beaver triple generation] The proposal of node 3 is [3, 1, 2]
2026-03-24 02:54:25,038:[otmvba.py:89]:[INFO]: enter handle_message
2026-03-24 02:54:25,039:[avid.py:77]:[INFO]: 0-0-B-AVSS 3 RETRIEVE called.
2026-03-24 02:54:25,174:[hbacss.py:286]:[INFO]: after self._handle_dealer_msgs
2026-03-24 02:54:25,174:[otmvba.py:192]:[INFO]: [3] value-self.acss_outputs.keys():dict_keys([3, 1, 2, 0])
2026-03-24 02:54:25,175:[otmvba.py:202]:[INFO]: [3] --Directly send the proposal!--
2026-03-24 02:54:25,289:[otmvba.py:93]:[INFO]: [3] Broadcasting to 0
2026-03-24 02:54:25,289:[otmvba.py:93]:[INFO]: [3] Broadcasting to 1
2026-03-24 02:54:25,289:[otmvba.py:93]:[INFO]: [3] Broadcasting to 2
2026-03-24 02:54:25,289:[otmvba.py:93]:[INFO]: [3] Broadcasting to 3
2026-03-24 02:54:25,294:[otmvba.py:93]:[INFO]: [3] Broadcasting to 0
2026-03-24 02:54:25,294:[otmvba.py:93]:[INFO]: [3] Broadcasting to 1
2026-03-24 02:54:25,294:[otmvba.py:93]:[INFO]: [3] Broadcasting to 2
2026-03-24 02:54:25,294:[otmvba.py:93]:[INFO]: [3] Broadcasting to 3
2026-03-24 02:54:25,294:[beaver.py:267]:[INFO]: [3] [beaver triple generation] The ACS set is [1, 2, 3]
2026-03-24 02:54:25,325:[beaver.py:289]:[INFO]: [3] [beaver triple generation] AsyRanTriGen finished! total triple number in AsyRanTriGen phase: 300, time: 4.204490423202515 (seconds)
2026-03-24 02:54:25,325:[beaver.py:294]:[INFO]: [3] Bytes Sent: R_A:2203496 which is 19.388%
2026-03-24 02:54:25,325:[beaver.py:294]:[INFO]: [3] Bytes Sent: ACS:1111 which is 0.01%
2026-03-24 02:54:25,325:[beaver.py:294]:[INFO]: [3] Bytes Sent: B_A:9160417 which is 80.602%
2026-03-24 02:54:25,325:[beaver.py:295]:[INFO]: [3] Total bytes sent out aa: 11365024
