hidden g = {[6679831729115696150 8653662730902241269 1535610680227111361 17342916647841752903 17135755455211762752 1297449291367578485] [13451288730302620273 10097742279870053774 15949884091978425806 5885175747529691540 1016841820992199104 845620083434234474]}
hidden h = {[13794385998538644597 108816626937764141 12130603454454490125 6127379912259600201 17481961476035825978 950355161936836191] [10722765800778186391 17107915684035394744 11626309118465119103 5217919199071354366 6102759180633827794 660535627654889709]}
hidden Equal? false
6875
2026-03-24 02:54:14 - dual_mode - INFO - [0] finished 1-th OptRanTriGen instance, time: 0.6715166568756104
2026-03-24 02:54:14 - dual_mode - INFO - [0] start 2-th OptRanTriGen instance
2026-03-24 02:54:15 - benchmark_logger - INFO - [BatchReconstruct] P1 Send: 0.0003619194030761719
2026-03-24 02:54:15 - benchmark_logger - INFO - [BatchReconstruct] P1 Reconstruct: 0.0014357566833496094
2026-03-24 02:54:15 - benchmark_logger - INFO - [BatchReconstruct] P2 Send: 2.0265579223632812e-05
2026-03-24 02:54:15 - benchmark_logger - INFO - [BatchReconstruct] P2 Reconstruct: 0.03545069694519043
2026-03-24 02:54:15 - dual_mode - INFO - [0] finished 2-th OptRanTriGen instance, time: 0.718796968460083
2026-03-24 02:54:15 - dual_mode - INFO - [0] start 3-th OptRanTriGen instance
2026-03-24 02:54:15 - benchmark_logger - INFO - [BatchReconstruct] P1 Send: 0.0005915164947509766
2026-03-24 02:54:15 - benchmark_logger - INFO - [BatchReconstruct] P1 Reconstruct: 0.0017807483673095703
2026-03-24 02:54:15 - benchmark_logger - INFO - [BatchReconstruct] P2 Send: 3.695487976074219e-05
2026-03-24 02:54:15 - benchmark_logger - INFO - [BatchReconstruct] P2 Reconstruct: 0.002629518508911133
2026-03-24 02:54:15 - dual_mode - INFO - [0] output 1-th triples
2026-03-24 02:54:15 - dual_mode - INFO - [0] finished 3-th OptRanTriGen instance, time: 0.7389652729034424
2026-03-24 02:54:15 - dual_mode - INFO - [0] start 4-th OptRanTriGen instance
2026-03-24 02:54:16 - benchmark_logger - INFO - [BatchReconstruct] P1 Send: 0.0007658004760742188
2026-03-24 02:54:16 - benchmark_logger - INFO - [BatchReconstruct] P1 Reconstruct: 0.0019447803497314453
2026-03-24 02:54:16 - benchmark_logger - INFO - [BatchReconstruct] P2 Send: 3.695487976074219e-05
2026-03-24 02:54:16 - benchmark_logger - INFO - [BatchReconstruct] P2 Reconstruct: 0.0021152496337890625
2026-03-24 02:54:16 - dual_mode - INFO - [0] output 2-th triples
2026-03-24 02:54:16 - dual_mode - INFO - [0] finished 4-th OptRanTriGen instance, time: 0.6768605709075928
2026-03-24 02:54:16 - dual_mode - INFO - [0] start 5-th OptRanTriGen instance
2026-03-24 02:54:17 - benchmark_logger - INFO - [BatchReconstruct] P1 Send: 0.0009365081787109375
2026-03-24 02:54:17 - benchmark_logger - INFO - [BatchReconstruct] P1 Reconstruct: 0.001962423324584961
2026-03-24 02:54:17 - benchmark_logger - INFO - [BatchReconstruct] P2 Send: 3.695487976074219e-05
2026-03-24 02:54:17 - benchmark_logger - INFO - [BatchReconstruct] P2 Reconstruct: 0.0022389888763427734
2026-03-24 02:54:17 - dual_mode - INFO - [0] output 3-th triples
2026-03-24 02:54:17 - dual_mode - INFO - [0] finished 5-th OptRanTriGen instance, time: 0.6905279159545898
2026-03-24 02:54:17 - dual_mode - INFO - [0] start 6-th OptRanTriGen instance
2026-03-24 02:54:17 - benchmark_logger - INFO - [BatchReconstruct] P1 Send: 0.0007104873657226562
2026-03-24 02:54:17 - benchmark_logger - INFO - [BatchReconstruct] P1 Reconstruct: 0.002824544906616211
2026-03-24 02:54:17 - benchmark_logger - INFO - [BatchReconstruct] P2 Send: 3.504753112792969e-05
2026-03-24 02:54:17 - benchmark_logger - INFO - [BatchReconstruct] P2 Reconstruct: 0.0016689300537109375
2026-03-24 02:54:17 - dual_mode - INFO - [0] output 4-th triples
2026-03-24 02:54:17 - dual_mode - INFO - [0] finished 6-th OptRanTriGen instance, time: 0.6591854095458984
2026-03-24 02:54:17 - dual_mode - INFO - [0] start 7-th OptRanTriGen instance
2026-03-24 02:54:18 - benchmark_logger - INFO - [BatchReconstruct] P1 Send: 0.00029158592224121094
2026-03-24 02:54:18 - benchmark_logger - INFO - [BatchReconstruct] P1 Reconstruct: 0.0012392997741699219
2026-03-24 02:54:18 - benchmark_logger - INFO - [BatchReconstruct] P2 Send: 2.0503997802734375e-05
2026-03-24 02:54:18 - benchmark_logger - INFO - [BatchReconstruct] P2 Reconstruct: 0.0012390613555908203
2026-03-24 02:54:18 - dual_mode - INFO - [0] output 5-th triples
2026-03-24 02:54:18 - dual_mode - INFO - [0] finished 7-th OptRanTriGen instance, time: 0.6927638053894043
2026-03-24 02:54:18 - dual_mode - INFO - [0] start 8-th OptRanTriGen instance
2026-03-24 02:54:19 - benchmark_logger - INFO - [BatchReconstruct] P1 Send: 0.0007245540618896484
2026-03-24 02:54:19 - benchmark_logger - INFO - [BatchReconstruct] P1 Reconstruct: 0.002225637435913086
2026-03-24 02:54:19 - benchmark_logger - INFO - [BatchReconstruct] P2 Send: 6.389617919921875e-05
2026-03-24 02:54:19 - benchmark_logger - INFO - [BatchReconstruct] P2 Reconstruct: 0.0023708343505859375
2026-03-24 02:54:19 - dual_mode - INFO - [0] output 6-th triples
2026-03-24 02:54:19 - dual_mode - INFO - [0] finished 8-th OptRanTriGen instance, time: 0.6470305919647217
2026-03-24 02:54:19 - dual_mode - INFO - [0] start 9-th OptRanTriGen instance
2026-03-24 02:54:19 - benchmark_logger - INFO - [BatchReconstruct] P1 Send: 0.00101470947265625
2026-03-24 02:54:19 - benchmark_logger - INFO - [BatchReconstruct] P1 Reconstruct: 0.002974271774291992
2026-03-24 02:54:19 - benchmark_logger - INFO - [BatchReconstruct] P2 Send: 4.315376281738281e-05
2026-03-24 02:54:19 - benchmark_logger - INFO - [BatchReconstruct] P2 Reconstruct: 0.0018436908721923828
2026-03-24 02:54:19 - dual_mode - INFO - [0] output 7-th triples
2026-03-24 02:54:19 - dual_mode - INFO - [0] finished 9-th OptRanTriGen instance, time: 0.660682201385498
2026-03-24 02:54:19 - dual_mode - INFO - [0] start 10-th OptRanTriGen instance
2026-03-24 02:54:20 - dual_mode - INFO - [0] Starting tcv-BA
2026-03-24 02:54:20 - dual_mode - INFO - [0] proposal: 9
2026-03-24 02:54:20 - dual_mode - INFO - [0] tcv-BA finished! agreed round: 9, time:0.08937239646911621 (seconds)
2026-03-24 02:54:20 - benchmark_logger - INFO - [BatchReconstruct] P1 Send: 0.0007684230804443359
2026-03-24 02:54:20 - benchmark_logger - INFO - [BatchReconstruct] P1 Reconstruct: 0.0020859241485595703
2026-03-24 02:54:20 - benchmark_logger - INFO - [BatchReconstruct] P2 Send: 5.7697296142578125e-05
2026-03-24 02:54:20 - benchmark_logger - INFO - [BatchReconstruct] P2 Reconstruct: 0.002208232879638672
2026-03-24 02:54:20 - dual_mode - INFO - [0] output 8-th triples
2026-03-24 02:54:20 - dual_mode - INFO - [0] Total bytes sent out aa: 3271535
2026-03-24 02:54:20 - dual_mode - INFO - [0] OptRanTriGen finished! triples: 2700, time: 6.833552122116089 (seconds)
2026-03-24 02:54:21,121:[beaver.py:195]:[INFO]: [0] Starting AsyRanTriGen
2026-03-24 02:54:21,121:[beaver.py:201]:[INFO]: [0] Starting ACSS to share 300 secrets
2026-03-24 02:54:22,141:[hbacss.py:396]:[INFO]: after pyCommit commitmentlistandprooflist
2026-03-24 02:54:22,162:[hbacss.py:1464]:[INFO]: before return dumps
2026-03-24 02:54:22,163:[hbacss.py:1885]:[INFO]: before reliablebroadcast
2026-03-24 02:54:22,163:[hbacss.py:1885]:[INFO]: before reliablebroadcast
2026-03-24 02:54:22,163:[hbacss.py:1885]:[INFO]: before reliablebroadcast
2026-03-24 02:54:22,163:[hbacss.py:1885]:[INFO]: before reliablebroadcast
2026-03-24 02:54:22,164:[hbacss.py:1897]:[INFO]: after reliablebroadcast
2026-03-24 02:54:22,164:[hbacss.py:263]:[INFO]: enter _process_avss_msg
2026-03-24 02:54:22,164:[avid.py:72]:[INFO]: AVID retrieve called with sid: 2-0-B-AVSS, index: 0
2026-03-24 02:54:22,164:[hbacss.py:1897]:[INFO]: after reliablebroadcast
2026-03-24 02:54:22,165:[hbacss.py:263]:[INFO]: enter _process_avss_msg
2026-03-24 02:54:22,165:[avid.py:72]:[INFO]: AVID retrieve called with sid: 3-0-B-AVSS, index: 0
2026-03-24 02:54:22,165:[hbacss.py:1897]:[INFO]: after reliablebroadcast
2026-03-24 02:54:22,165:[hbacss.py:263]:[INFO]: enter _process_avss_msg
2026-03-24 02:54:22,165:[avid.py:72]:[INFO]: AVID retrieve called with sid: 1-0-B-AVSS, index: 0
2026-03-24 02:54:22,167:[hbacss.py:1897]:[INFO]: after reliablebroadcast
2026-03-24 02:54:22,167:[hbacss.py:263]:[INFO]: enter _process_avss_msg
2026-03-24 02:54:22,167:[avid.py:72]:[INFO]: AVID retrieve called with sid: 0-0-B-AVSS, index: 0
2026-03-24 02:54:22,171:[avid.py:77]:[INFO]: 3-0-B-AVSS 0 RETRIEVE called.
2026-03-24 02:54:22,171:[avid.py:77]:[INFO]: 2-0-B-AVSS 0 RETRIEVE called.
2026-03-24 02:54:22,171:[avid.py:77]:[INFO]: 1-0-B-AVSS 0 RETRIEVE called.
2026-03-24 02:54:22,171:[avid.py:77]:[INFO]: 0-0-B-AVSS 0 RETRIEVE called.
2026-03-24 02:54:22,190:[hbacss.py:286]:[INFO]: after self._handle_dealer_msgs
2026-03-24 02:54:22,208:[hbacss.py:286]:[INFO]: after self._handle_dealer_msgs
2026-03-24 02:54:22,227:[hbacss.py:286]:[INFO]: after self._handle_dealer_msgs
2026-03-24 02:54:22,242:[hbacss.py:286]:[INFO]: after self._handle_dealer_msgs
2026-03-24 02:54:22,253:[beaver.py:211]:[INFO]: [0] [random share generation] Starting ACS where node 1 is set as leader 
2026-03-24 02:54:22,253:[beaver.py:212]:[INFO]: [0] [random share generation] The proposal is [3, 2, 1]
2026-03-24 02:54:22,253:[otmvba.py:89]:[INFO]: enter handle_message
2026-03-24 02:54:22,254:[otmvba.py:192]:[INFO]: [0] value-self.acss_outputs.keys():dict_keys([3, 2, 1])
2026-03-24 02:54:22,254:[otmvba.py:202]:[INFO]: [0] --Directly send the proposal!--
2026-03-24 02:54:22,315:[otmvba.py:93]:[INFO]: [0] Broadcasting to 0
2026-03-24 02:54:22,315:[otmvba.py:93]:[INFO]: [0] Broadcasting to 1
2026-03-24 02:54:22,316:[otmvba.py:93]:[INFO]: [0] Broadcasting to 2
2026-03-24 02:54:22,316:[otmvba.py:93]:[INFO]: [0] Broadcasting to 3
2026-03-24 02:54:22,321:[otmvba.py:93]:[INFO]: [0] Broadcasting to 0
2026-03-24 02:54:22,321:[otmvba.py:93]:[INFO]: [0] Broadcasting to 1
2026-03-24 02:54:22,321:[otmvba.py:93]:[INFO]: [0] Broadcasting to 2
2026-03-24 02:54:22,321:[otmvba.py:93]:[INFO]: [0] Broadcasting to 3
2026-03-24 02:54:22,322:[beaver.py:228]:[INFO]: [0] [random share generation] The ACS set is [1, 2, 3]
2026-03-24 02:54:22,322:[beaver.py:230]:[INFO]: [0] [random share generation] Starting compute random shares
2026-03-24 02:54:22,597:[beaver.py:233]:[INFO]: [0] [random share generation] Obtaining total 600 random shares!
2026-03-24 02:54:22,597:[beaver.py:236]:[INFO]: [0] Starting to generate triples over random shares
2026-03-24 02:54:22,597:[beaver.py:237]:[INFO]: [0] [beaver triple generation] Starting to re-share product of random shares
2026-03-24 02:54:24,577:[hbacss.py:415]:[INFO]: prodProofs size: 354716 bytes
2026-03-24 02:54:24,577:[hbacss.py:416]:[INFO]: prodProofs count: 300
2026-03-24 02:54:24,621:[hbacss.py:1464]:[INFO]: before return dumps
2026-03-24 02:54:24,622:[hbacss.py:1885]:[INFO]: before reliablebroadcast
2026-03-24 02:54:24,622:[hbacss.py:1885]:[INFO]: before reliablebroadcast
2026-03-24 02:54:24,622:[hbacss.py:1885]:[INFO]: before reliablebroadcast
2026-03-24 02:54:24,622:[hbacss.py:1885]:[INFO]: before reliablebroadcast
2026-03-24 02:54:24,624:[hbacss.py:1897]:[INFO]: after reliablebroadcast
2026-03-24 02:54:24,624:[hbacss.py:263]:[INFO]: enter _process_avss_msg
2026-03-24 02:54:24,624:[avid.py:72]:[INFO]: AVID retrieve called with sid: 2-0-B-AVSS, index: 0
2026-03-24 02:54:24,624:[hbacss.py:1897]:[INFO]: after reliablebroadcast
2026-03-24 02:54:24,624:[hbacss.py:263]:[INFO]: enter _process_avss_msg
2026-03-24 02:54:24,624:[avid.py:72]:[INFO]: AVID retrieve called with sid: 3-0-B-AVSS, index: 0
2026-03-24 02:54:24,625:[hbacss.py:1897]:[INFO]: after reliablebroadcast
2026-03-24 02:54:24,625:[hbacss.py:263]:[INFO]: enter _process_avss_msg
2026-03-24 02:54:24,625:[avid.py:72]:[INFO]: AVID retrieve called with sid: 1-0-B-AVSS, index: 0
2026-03-24 02:54:24,644:[avid.py:77]:[INFO]: 3-0-B-AVSS 0 RETRIEVE called.
2026-03-24 02:54:24,647:[hbacss.py:1897]:[INFO]: after reliablebroadcast
2026-03-24 02:54:24,647:[hbacss.py:263]:[INFO]: enter _process_avss_msg
2026-03-24 02:54:24,647:[avid.py:72]:[INFO]: AVID retrieve called with sid: 0-0-B-AVSS, index: 0
2026-03-24 02:54:24,659:[avid.py:77]:[INFO]: 1-0-B-AVSS 0 RETRIEVE called.
2026-03-24 02:54:24,664:[avid.py:77]:[INFO]: 2-0-B-AVSS 0 RETRIEVE called.
2026-03-24 02:54:24,756:[hbacss.py:286]:[INFO]: after self._handle_dealer_msgs
2026-03-24 02:54:24,921:[hbacss.py:286]:[INFO]: after self._handle_dealer_msgs
2026-03-24 02:54:25,046:[hbacss.py:286]:[INFO]: after self._handle_dealer_msgs
2026-03-24 02:54:25,046:[beaver.py:249]:[INFO]: [0] [beaver triple generation] Starting to ACS where 2 is set as leader 
2026-03-24 02:54:25,046:[beaver.py:251]:[INFO]: [0] [beaver triple generation] The proposal of node 0 is [3, 1, 2]
2026-03-24 02:54:25,046:[otmvba.py:89]:[INFO]: enter handle_message
2026-03-24 02:54:25,047:[avid.py:77]:[INFO]: 0-0-B-AVSS 0 RETRIEVE called.
2026-03-24 02:54:25,221:[hbacss.py:286]:[INFO]: after self._handle_dealer_msgs
2026-03-24 02:54:25,223:[otmvba.py:192]:[INFO]: [0] value-self.acss_outputs.keys():dict_keys([3, 1, 2, 0])
2026-03-24 02:54:25,224:[otmvba.py:202]:[INFO]: [0] --Directly send the proposal!--
2026-03-24 02:54:25,289:[otmvba.py:93]:[INFO]: [0] Broadcasting to 0
2026-03-24 02:54:25,289:[otmvba.py:93]:[INFO]: [0] Broadcasting to 1
2026-03-24 02:54:25,289:[otmvba.py:93]:[INFO]: [0] Broadcasting to 2
2026-03-24 02:54:25,289:[otmvba.py:93]:[INFO]: [0] Broadcasting to 3
2026-03-24 02:54:25,294:[otmvba.py:93]:[INFO]: [0] Broadcasting to 0
2026-03-24 02:54:25,294:[otmvba.py:93]:[INFO]: [0] Broadcasting to 1
2026-03-24 02:54:25,294:[otmvba.py:93]:[INFO]: [0] Broadcasting to 2
2026-03-24 02:54:25,294:[otmvba.py:93]:[INFO]: [0] Broadcasting to 3
2026-03-24 02:54:25,294:[beaver.py:267]:[INFO]: [0] [beaver triple generation] The ACS set is [1, 2, 3]
2026-03-24 02:54:25,325:[beaver.py:289]:[INFO]: [0] [beaver triple generation] AsyRanTriGen finished! total triple number in AsyRanTriGen phase: 300, time: 4.197693586349487 (seconds)
2026-03-24 02:54:25,325:[beaver.py:294]:[INFO]: [0] Bytes Sent: R_A:2203716 which is 19.389%
2026-03-24 02:54:25,325:[beaver.py:294]:[INFO]: [0] Bytes Sent: ACS:1111 which is 0.01%
2026-03-24 02:54:25,325:[beaver.py:294]:[INFO]: [0] Bytes Sent: B_A:9160693 which is 80.601%
2026-03-24 02:54:25,325:[beaver.py:295]:[INFO]: [0] Total bytes sent out aa: 11365520
