hidden g = {[6679831729115696150 8653662730902241269 1535610680227111361 17342916647841752903 17135755455211762752 1297449291367578485] [13451288730302620273 10097742279870053774 15949884091978425806 5885175747529691540 1016841820992199104 845620083434234474]}
hidden h = {[13794385998538644597 108816626937764141 12130603454454490125 6127379912259600201 17481961476035825978 950355161936836191] [10722765800778186391 17107915684035394744 11626309118465119103 5217919199071354366 6102759180633827794 660535627654889709]}
hidden Equal? false
25
2026-03-24 02:54:14 - dual_mode - INFO - [2] finished 1-th OptRanTriGen instance, time: 0.6705434322357178
2026-03-24 02:54:14 - dual_mode - INFO - [2] start 2-th OptRanTriGen instance
2026-03-24 02:54:14 - benchmark_logger - INFO - [BatchReconstruct] P1 Send: 0.0002560615539550781
2026-03-24 02:54:15 - benchmark_logger - INFO - [BatchReconstruct] P1 Reconstruct: 0.5306344032287598
2026-03-24 02:54:15 - benchmark_logger - INFO - [BatchReconstruct] P2 Send: 2.3365020751953125e-05
2026-03-24 02:54:15 - benchmark_logger - INFO - [BatchReconstruct] P2 Reconstruct: 0.01837897300720215
2026-03-24 02:54:15 - dual_mode - INFO - [2] finished 2-th OptRanTriGen instance, time: 0.717498779296875
2026-03-24 02:54:15 - dual_mode - INFO - [2] start 3-th OptRanTriGen instance
2026-03-24 02:54:15 - benchmark_logger - INFO - [BatchReconstruct] P1 Send: 0.004258632659912109
2026-03-24 02:54:15 - benchmark_logger - INFO - [BatchReconstruct] P1 Reconstruct: 0.5053229331970215
2026-03-24 02:54:15 - benchmark_logger - INFO - [BatchReconstruct] P2 Send: 4.291534423828125e-05
2026-03-24 02:54:15 - benchmark_logger - INFO - [BatchReconstruct] P2 Reconstruct: 0.0025103092193603516
2026-03-24 02:54:15 - dual_mode - INFO - [2] output 1-th triples
2026-03-24 02:54:15 - dual_mode - INFO - [2] finished 3-th OptRanTriGen instance, time: 0.7403967380523682
2026-03-24 02:54:15 - dual_mode - INFO - [2] start 4-th OptRanTriGen instance
2026-03-24 02:54:16 - benchmark_logger - INFO - [BatchReconstruct] P1 Send: 0.0002536773681640625
2026-03-24 02:54:16 - benchmark_logger - INFO - [BatchReconstruct] P1 Reconstruct: 0.5060901641845703
2026-03-24 02:54:16 - benchmark_logger - INFO - [BatchReconstruct] P2 Send: 4.5299530029296875e-05
2026-03-24 02:54:16 - benchmark_logger - INFO - [BatchReconstruct] P2 Reconstruct: 0.002557516098022461
2026-03-24 02:54:16 - dual_mode - INFO - [2] output 2-th triples
2026-03-24 02:54:16 - dual_mode - INFO - [2] finished 4-th OptRanTriGen instance, time: 0.6771018505096436
2026-03-24 02:54:16 - dual_mode - INFO - [2] start 5-th OptRanTriGen instance
2026-03-24 02:54:16 - benchmark_logger - INFO - [BatchReconstruct] P1 Send: 0.0004131793975830078
2026-03-24 02:54:17 - benchmark_logger - INFO - [BatchReconstruct] P1 Reconstruct: 0.48946309089660645
2026-03-24 02:54:17 - benchmark_logger - INFO - [BatchReconstruct] P2 Send: 4.291534423828125e-05
2026-03-24 02:54:17 - benchmark_logger - INFO - [BatchReconstruct] P2 Reconstruct: 0.0031456947326660156
2026-03-24 02:54:17 - dual_mode - INFO - [2] output 3-th triples
2026-03-24 02:54:17 - dual_mode - INFO - [2] finished 5-th OptRanTriGen instance, time: 0.6910014152526855
2026-03-24 02:54:17 - dual_mode - INFO - [2] start 6-th OptRanTriGen instance
2026-03-24 02:54:17 - benchmark_logger - INFO - [BatchReconstruct] P1 Send: 0.00022983551025390625
2026-03-24 02:54:17 - benchmark_logger - INFO - [BatchReconstruct] P1 Reconstruct: 0.5024693012237549
2026-03-24 02:54:17 - benchmark_logger - INFO - [BatchReconstruct] P2 Send: 4.506111145019531e-05
2026-03-24 02:54:17 - benchmark_logger - INFO - [BatchReconstruct] P2 Reconstruct: 0.0026137828826904297
2026-03-24 02:54:17 - dual_mode - INFO - [2] output 4-th triples
2026-03-24 02:54:17 - dual_mode - INFO - [2] finished 6-th OptRanTriGen instance, time: 0.6587738990783691
2026-03-24 02:54:17 - dual_mode - INFO - [2] start 7-th OptRanTriGen instance
2026-03-24 02:54:18 - benchmark_logger - INFO - [BatchReconstruct] P1 Send: 0.0002460479736328125
2026-03-24 02:54:18 - benchmark_logger - INFO - [BatchReconstruct] P1 Reconstruct: 0.49991369247436523
2026-03-24 02:54:18 - benchmark_logger - INFO - [BatchReconstruct] P2 Send: 2.2172927856445312e-05
2026-03-24 02:54:18 - benchmark_logger - INFO - [BatchReconstruct] P2 Reconstruct: 0.001561880111694336
2026-03-24 02:54:18 - dual_mode - INFO - [2] output 5-th triples
2026-03-24 02:54:18 - dual_mode - INFO - [2] finished 7-th OptRanTriGen instance, time: 0.6935818195343018
2026-03-24 02:54:18 - dual_mode - INFO - [2] start 8-th OptRanTriGen instance
2026-03-24 02:54:18 - benchmark_logger - INFO - [BatchReconstruct] P1 Send: 0.00032019615173339844
2026-03-24 02:54:19 - benchmark_logger - INFO - [BatchReconstruct] P1 Reconstruct: 0.5028336048126221
2026-03-24 02:54:19 - benchmark_logger - INFO - [BatchReconstruct] P2 Send: 5.459785461425781e-05
2026-03-24 02:54:19 - benchmark_logger - INFO - [BatchReconstruct] P2 Reconstruct: 0.0032966136932373047
2026-03-24 02:54:19 - dual_mode - INFO - [2] output 6-th triples
2026-03-24 02:54:19 - dual_mode - INFO - [2] finished 8-th OptRanTriGen instance, time: 0.6565937995910645
2026-03-24 02:54:19 - dual_mode - INFO - [2] start 9-th OptRanTriGen instance
2026-03-24 02:54:19 - benchmark_logger - INFO - [BatchReconstruct] P1 Send: 0.0002505779266357422
2026-03-24 02:54:19 - benchmark_logger - INFO - [BatchReconstruct] P1 Reconstruct: 0.50227952003479
2026-03-24 02:54:19 - benchmark_logger - INFO - [BatchReconstruct] P2 Send: 4.0531158447265625e-05
2026-03-24 02:54:19 - benchmark_logger - INFO - [BatchReconstruct] P2 Reconstruct: 0.002766847610473633
2026-03-24 02:54:19 - dual_mode - INFO - [2] output 7-th triples
2026-03-24 02:54:19 - dual_mode - INFO - [2] finished 9-th OptRanTriGen instance, time: 0.6503119468688965
2026-03-24 02:54:19 - dual_mode - INFO - [2] start 10-th OptRanTriGen instance
2026-03-24 02:54:20 - benchmark_logger - INFO - [BatchReconstruct] P1 Send: 0.00037479400634765625
2026-03-24 02:54:20 - dual_mode - INFO - [2] Starting tcv-BA
2026-03-24 02:54:20 - dual_mode - INFO - [2] proposal: 9
2026-03-24 02:54:20 - dual_mode - INFO - [2] tcv-BA finished! agreed round: 9, time:0.0895535945892334 (seconds)
2026-03-24 02:54:20 - benchmark_logger - INFO - [BatchReconstruct] P1 Reconstruct: 0.4974653720855713
2026-03-24 02:54:20 - benchmark_logger - INFO - [BatchReconstruct] P2 Send: 5.507469177246094e-05
2026-03-24 02:54:20 - benchmark_logger - INFO - [BatchReconstruct] P2 Reconstruct: 0.0025877952575683594
2026-03-24 02:54:20 - dual_mode - INFO - [2] output 8-th triples
2026-03-24 02:54:20 - dual_mode - INFO - [2] Total bytes sent out aa: 2659178
2026-03-24 02:54:20 - dual_mode - INFO - [2] OptRanTriGen finished! triples: 2700, time: 6.831098318099976 (seconds)
2026-03-24 02:54:21,129:[beaver.py:195]:[INFO]: [2] Starting AsyRanTriGen
2026-03-24 02:54:21,130:[beaver.py:201]:[INFO]: [2] Starting ACSS to share 300 secrets
2026-03-24 02:54:21,130:[hbacss.py:1885]:[INFO]: before reliablebroadcast
2026-03-24 02:54:21,130:[hbacss.py:1885]:[INFO]: before reliablebroadcast
2026-03-24 02:54:22,093:[hbacss.py:396]:[INFO]: after pyCommit commitmentlistandprooflist
2026-03-24 02:54:22,120:[hbacss.py:1464]:[INFO]: before return dumps
2026-03-24 02:54:22,120:[hbacss.py:1885]:[INFO]: before reliablebroadcast
2026-03-24 02:54:22,120:[hbacss.py:1885]:[INFO]: before reliablebroadcast
2026-03-24 02:54:22,164:[hbacss.py:1897]:[INFO]: after reliablebroadcast
2026-03-24 02:54:22,164:[hbacss.py:263]:[INFO]: enter _process_avss_msg
2026-03-24 02:54:22,164:[avid.py:72]:[INFO]: AVID retrieve called with sid: 3-0-B-AVSS, index: 2
2026-03-24 02:54:22,165:[hbacss.py:1897]:[INFO]: after reliablebroadcast
2026-03-24 02:54:22,165:[hbacss.py:263]:[INFO]: enter _process_avss_msg
2026-03-24 02:54:22,165:[avid.py:72]:[INFO]: AVID retrieve called with sid: 1-0-B-AVSS, index: 2
2026-03-24 02:54:22,165:[hbacss.py:1897]:[INFO]: after reliablebroadcast
2026-03-24 02:54:22,165:[hbacss.py:263]:[INFO]: enter _process_avss_msg
2026-03-24 02:54:22,165:[avid.py:72]:[INFO]: AVID retrieve called with sid: 2-0-B-AVSS, index: 2
2026-03-24 02:54:22,168:[hbacss.py:1897]:[INFO]: after reliablebroadcast
2026-03-24 02:54:22,168:[hbacss.py:263]:[INFO]: enter _process_avss_msg
2026-03-24 02:54:22,168:[avid.py:72]:[INFO]: AVID retrieve called with sid: 0-0-B-AVSS, index: 2
2026-03-24 02:54:22,169:[avid.py:77]:[INFO]: 1-0-B-AVSS 2 RETRIEVE called.
2026-03-24 02:54:22,170:[avid.py:77]:[INFO]: 2-0-B-AVSS 2 RETRIEVE called.
2026-03-24 02:54:22,170:[avid.py:77]:[INFO]: 3-0-B-AVSS 2 RETRIEVE called.
2026-03-24 02:54:22,190:[hbacss.py:286]:[INFO]: after self._handle_dealer_msgs
2026-03-24 02:54:22,191:[avid.py:77]:[INFO]: 0-0-B-AVSS 2 RETRIEVE called.
2026-03-24 02:54:22,206:[hbacss.py:286]:[INFO]: after self._handle_dealer_msgs
2026-03-24 02:54:22,222:[hbacss.py:286]:[INFO]: after self._handle_dealer_msgs
2026-03-24 02:54:22,242:[hbacss.py:286]:[INFO]: after self._handle_dealer_msgs
2026-03-24 02:54:22,243:[beaver.py:211]:[INFO]: [2] [random share generation] Starting ACS where node 1 is set as leader 
2026-03-24 02:54:22,243:[beaver.py:212]:[INFO]: [2] [random share generation] The proposal is [1, 2, 3]
2026-03-24 02:54:22,243:[otmvba.py:89]:[INFO]: enter handle_message
2026-03-24 02:54:22,254:[otmvba.py:192]:[INFO]: [2] value-self.acss_outputs.keys():dict_keys([1, 2, 3, 0])
2026-03-24 02:54:22,254:[otmvba.py:202]:[INFO]: [2] --Directly send the proposal!--
2026-03-24 02:54:22,315:[otmvba.py:93]:[INFO]: [2] Broadcasting to 0
2026-03-24 02:54:22,316:[otmvba.py:93]:[INFO]: [2] Broadcasting to 1
2026-03-24 02:54:22,316:[otmvba.py:93]:[INFO]: [2] Broadcasting to 2
2026-03-24 02:54:22,316:[otmvba.py:93]:[INFO]: [2] Broadcasting to 3
2026-03-24 02:54:22,321:[otmvba.py:93]:[INFO]: [2] Broadcasting to 0
2026-03-24 02:54:22,321:[otmvba.py:93]:[INFO]: [2] Broadcasting to 1
2026-03-24 02:54:22,321:[otmvba.py:93]:[INFO]: [2] Broadcasting to 2
2026-03-24 02:54:22,321:[otmvba.py:93]:[INFO]: [2] Broadcasting to 3
2026-03-24 02:54:22,321:[beaver.py:228]:[INFO]: [2] [random share generation] The ACS set is [1, 2, 3]
2026-03-24 02:54:22,321:[beaver.py:230]:[INFO]: [2] [random share generation] Starting compute random shares
2026-03-24 02:54:22,538:[beaver.py:233]:[INFO]: [2] [random share generation] Obtaining total 600 random shares!
2026-03-24 02:54:22,538:[beaver.py:236]:[INFO]: [2] Starting to generate triples over random shares
2026-03-24 02:54:22,538:[beaver.py:237]:[INFO]: [2] [beaver triple generation] Starting to re-share product of random shares
2026-03-24 02:54:22,540:[hbacss.py:1885]:[INFO]: before reliablebroadcast
2026-03-24 02:54:22,540:[hbacss.py:1885]:[INFO]: before reliablebroadcast
2026-03-24 02:54:24,461:[hbacss.py:415]:[INFO]: prodProofs size: 354695 bytes
2026-03-24 02:54:24,462:[hbacss.py:416]:[INFO]: prodProofs count: 300
2026-03-24 02:54:24,511:[hbacss.py:1464]:[INFO]: before return dumps
2026-03-24 02:54:24,512:[hbacss.py:1885]:[INFO]: before reliablebroadcast
2026-03-24 02:54:24,512:[hbacss.py:1885]:[INFO]: before reliablebroadcast
2026-03-24 02:54:24,617:[hbacss.py:1897]:[INFO]: after reliablebroadcast
2026-03-24 02:54:24,617:[hbacss.py:263]:[INFO]: enter _process_avss_msg
2026-03-24 02:54:24,617:[avid.py:72]:[INFO]: AVID retrieve called with sid: 2-0-B-AVSS, index: 2
2026-03-24 02:54:24,644:[hbacss.py:1897]:[INFO]: after reliablebroadcast
2026-03-24 02:54:24,644:[hbacss.py:263]:[INFO]: enter _process_avss_msg
2026-03-24 02:54:24,644:[avid.py:72]:[INFO]: AVID retrieve called with sid: 1-0-B-AVSS, index: 2
2026-03-24 02:54:24,645:[hbacss.py:1897]:[INFO]: after reliablebroadcast
2026-03-24 02:54:24,645:[hbacss.py:263]:[INFO]: enter _process_avss_msg
2026-03-24 02:54:24,645:[avid.py:72]:[INFO]: AVID retrieve called with sid: 3-0-B-AVSS, index: 2
2026-03-24 02:54:24,647:[avid.py:77]:[INFO]: 3-0-B-AVSS 2 RETRIEVE called.
2026-03-24 02:54:24,647:[hbacss.py:1897]:[INFO]: after reliablebroadcast
2026-03-24 02:54:24,647:[hbacss.py:263]:[INFO]: enter _process_avss_msg
2026-03-24 02:54:24,647:[avid.py:72]:[INFO]: AVID retrieve called with sid: 0-0-B-AVSS, index: 2
2026-03-24 02:54:24,648:[avid.py:77]:[INFO]: 1-0-B-AVSS 2 RETRIEVE called.
2026-03-24 02:54:24,649:[avid.py:77]:[INFO]: 2-0-B-AVSS 2 RETRIEVE called.
2026-03-24 02:54:24,845:[hbacss.py:286]:[INFO]: after self._handle_dealer_msgs
2026-03-24 02:54:25,021:[hbacss.py:286]:[INFO]: after self._handle_dealer_msgs
2026-03-24 02:54:25,152:[hbacss.py:286]:[INFO]: after self._handle_dealer_msgs
2026-03-24 02:54:25,153:[beaver.py:249]:[INFO]: [2] [beaver triple generation] Starting to ACS where 2 is set as leader 
2026-03-24 02:54:25,153:[beaver.py:251]:[INFO]: [2] [beaver triple generation] The proposal of node 2 is [3, 1, 2]
2026-03-24 02:54:25,153:[otmvba.py:89]:[INFO]: enter handle_message
2026-03-24 02:54:25,153:[otmvba.py:98]:[INFO]: [2] I am the leader, broadcasting my input
2026-03-24 02:54:25,153:[otmvba.py:93]:[INFO]: [2] Broadcasting to 0
2026-03-24 02:54:25,153:[otmvba.py:93]:[INFO]: [2] Broadcasting to 1
2026-03-24 02:54:25,153:[otmvba.py:93]:[INFO]: [2] Broadcasting to 2
2026-03-24 02:54:25,153:[otmvba.py:93]:[INFO]: [2] Broadcasting to 3
2026-03-24 02:54:25,153:[otmvba.py:192]:[INFO]: [2] value-self.acss_outputs.keys():dict_keys([3, 1, 2])
2026-03-24 02:54:25,154:[otmvba.py:202]:[INFO]: [2] --Directly send the proposal!--
2026-03-24 02:54:25,154:[avid.py:77]:[INFO]: 0-0-B-AVSS 2 RETRIEVE called.
2026-03-24 02:54:25,237:[hbacss.py:286]:[INFO]: after self._handle_dealer_msgs
2026-03-24 02:54:25,248:[otmvba.py:93]:[INFO]: [2] Broadcasting to 0
2026-03-24 02:54:25,248:[otmvba.py:93]:[INFO]: [2] Broadcasting to 1
2026-03-24 02:54:25,248:[otmvba.py:93]:[INFO]: [2] Broadcasting to 2
2026-03-24 02:54:25,248:[otmvba.py:93]:[INFO]: [2] Broadcasting to 3
2026-03-24 02:54:25,278:[otmvba.py:93]:[INFO]: [2] Broadcasting to 0
2026-03-24 02:54:25,279:[otmvba.py:93]:[INFO]: [2] Broadcasting to 1
2026-03-24 02:54:25,279:[otmvba.py:93]:[INFO]: [2] Broadcasting to 2
2026-03-24 02:54:25,279:[otmvba.py:93]:[INFO]: [2] Broadcasting to 3
2026-03-24 02:54:25,288:[otmvba.py:93]:[INFO]: [2] Broadcasting to 0
2026-03-24 02:54:25,288:[otmvba.py:93]:[INFO]: [2] Broadcasting to 1
2026-03-24 02:54:25,288:[otmvba.py:93]:[INFO]: [2] Broadcasting to 2
2026-03-24 02:54:25,288:[otmvba.py:93]:[INFO]: [2] Broadcasting to 3
2026-03-24 02:54:25,294:[otmvba.py:93]:[INFO]: [2] Broadcasting to 0
2026-03-24 02:54:25,294:[otmvba.py:93]:[INFO]: [2] Broadcasting to 1
2026-03-24 02:54:25,294:[otmvba.py:93]:[INFO]: [2] Broadcasting to 2
2026-03-24 02:54:25,294:[otmvba.py:93]:[INFO]: [2] Broadcasting to 3
2026-03-24 02:54:25,294:[beaver.py:267]:[INFO]: [2] [beaver triple generation] The ACS set is [1, 2, 3]
2026-03-24 02:54:25,325:[beaver.py:289]:[INFO]: [2] [beaver triple generation] AsyRanTriGen finished! total triple number in AsyRanTriGen phase: 300, time: 4.187974691390991 (seconds)
2026-03-24 02:54:25,325:[beaver.py:294]:[INFO]: [2] Bytes Sent: R_A:2203609 which is 19.389%
2026-03-24 02:54:25,325:[beaver.py:294]:[INFO]: [2] Bytes Sent: ACS:1637 which is 0.014%
2026-03-24 02:54:25,326:[beaver.py:294]:[INFO]: [2] Bytes Sent: B_A:9160289 which is 80.597%
2026-03-24 02:54:25,326:[beaver.py:295]:[INFO]: [2] Total bytes sent out aa: 11365535
